Traceback (most recent call last):
  File "./extension-cpp/project/back_project.py", line 44, in <module>
    volume = BackProjectFunction.apply(input, coords)
  File "./extension-cpp/project/back_project.py", line 17, in forward
    coords
TypeError: forward(): incompatible function arguments. The following argument types are supported:
    1. (arg0: at::Tensor, arg1: at::Tensor) -> List[at::Tensor]

Invoked with: <built-in function input>, tensor([[[[[[8.3642e-01, 3.2997e-01],
            [5.3910e-01, 2.6594e-02]],

           [[6.7617e-02, 4.5103e-01],
            [2.1243e-01, 9.1064e-01]],

           [[7.7816e-01, 5.8386e-01],
            [9.0560e-01, 5.4881e-01]],

           ...,

           [[3.7377e-01, 8.5047e-01],
            [6.6776e-02, 6.5456e-01]],

           [[6.6375e-01, 3.6774e-01],
            [5.8027e-01, 2.3575e-01]],

           [[1.6358e-01, 2.3110e-01],
            [1.7480e-01, 7.3294e-01]]],


          [[[7.2110e-01, 2.5934e-02],
            [8.6768e-01, 3.1402e-01]],

           [[2.5442e-01, 9.1460e-01],
            [1.0027e-01, 4.9690e-02]],

           [[3.5982e-01, 7.7935e-01],
            [2.7118e-01, 7.7330e-01]],

           ...,

           [[7.5961e-01, 2.0749e-01],
            [5.9833e-01, 8.8555e-01]],

           [[9.0416e-02, 8.9156e-01],
            [4.8988e-02, 4.3628e-03]],

           [[5.7424e-01, 1.7949e-01],
            [6.6975e-01, 2.9133e-01]]],


          [[[4.4722e-01, 9.8041e-01],
            [8.4188e-01, 1.0245e-01]],

           [[7.2032e-01, 1.1828e-01],
            [4.6445e-01, 8.3805e-01]],

           [[7.4140e-01, 8.4293e-01],
            [2.0706e-01, 9.0759e-01]],

           ...,

           [[5.0237e-01, 2.1799e-01],
            [7.2632e-01, 5.3025e-01]],

           [[3.3388e-01, 4.6663e-01],
            [7.7992e-01, 5.4353e-01]],

           [[4.6815e-01, 2.1515e-01],
            [9.2709e-02, 6.0447e-01]]],


          ...,


          [[[5.2943e-01, 9.1454e-01],
            [5.5489e-01, 4.0828e-01]],

           [[8.7658e-01, 8.9842e-01],
            [1.8536e-02, 6.7485e-01]],

           [[6.5594e-01, 4.9026e-01],
            [6.5751e-01, 7.8453e-02]],

           ...,

           [[5.2378e-01, 9.6629e-01],
            [6.2086e-02, 5.8190e-01]],

           [[1.4484e-01, 1.3283e-01],
            [3.4078e-01, 5.9176e-01]],

           [[6.4211e-01, 4.7769e-01],
            [1.7572e-01, 1.2831e-01]]],


          [[[8.9668e-01, 4.1846e-02],
            [7.8874e-02, 9.4546e-01]],

           [[4.4050e-01, 5.1248e-01],
            [8.2162e-01, 6.7187e-01]],

           [[8.4188e-01, 2.5543e-01],
            [5.3265e-02, 9.3211e-01]],

           ...,

           [[1.2488e-01, 8.1261e-01],
            [7.6850e-01, 2.4073e-01]],

           [[1.8711e-01, 3.2090e-01],
            [8.1330e-01, 2.3584e-01]],

           [[8.5846e-01, 8.1441e-01],
            [6.9172e-01, 6.6513e-01]]],


          [[[4.5386e-01, 9.5196e-01],
            [1.8989e-01, 9.8552e-02]],

           [[8.9137e-01, 5.1051e-02],
            [8.6831e-01, 7.4474e-01]],

           [[1.3844e-01, 2.5326e-01],
            [2.4600e-01, 4.9036e-01]],

           ...,

           [[5.7146e-01, 4.3640e-01],
            [6.5977e-01, 1.7798e-01]],

           [[4.1928e-01, 6.3061e-02],
            [6.5613e-01, 6.2729e-01]],

           [[5.4004e-01, 1.7847e-01],
            [6.6406e-01, 8.9671e-01]]]],



         [[[[4.7270e-01, 9.4192e-01],
            [2.4527e-02, 5.0117e-01]],

           [[1.1315e-02, 7.4943e-01],
            [6.5159e-01, 8.3257e-01]],

           [[9.1080e-01, 5.8580e-01],
            [7.2668e-01, 9.6634e-01]],

           ...,

           [[1.5972e-01, 5.2184e-01],
            [5.5560e-01, 2.7143e-01]],

           [[6.0267e-01, 1.9513e-01],
            [6.3281e-02, 6.0428e-02]],

           [[4.3673e-01, 7.6145e-01],
            [6.1060e-01, 4.8922e-01]]],


          [[[9.9260e-01, 3.8885e-02],
            [5.6343e-01, 9.4519e-01]],

           [[8.4708e-01, 9.2812e-01],
            [3.4164e-01, 3.7119e-01]],

           [[4.2992e-01, 1.0006e-01],
            [1.7627e-01, 9.6603e-01]],

           ...,

           [[5.9616e-01, 9.2319e-01],
            [7.1433e-01, 4.5458e-01]],

           [[1.7889e-01, 6.9025e-01],
            [4.8217e-01, 9.3775e-01]],

           [[8.9656e-01, 5.4572e-01],
            [4.8198e-01, 3.5990e-01]]],


          [[[4.2850e-01, 4.9624e-01],
            [1.0405e-01, 1.3140e-01]],

           [[1.1479e-01, 9.3100e-01],
            [2.7277e-01, 1.1785e-01]],

           [[4.9348e-01, 3.7530e-01],
            [6.3953e-01, 4.6228e-01]],

           ...,

           [[3.8824e-01, 1.3297e-01],
            [7.5516e-01, 8.4644e-01]],

           [[2.2913e-01, 1.3799e-01],
            [3.7903e-02, 6.7737e-01]],

           [[6.7592e-01, 5.5035e-01],
            [5.1537e-02, 4.5725e-01]]],


          ...,


          [[[1.9410e-01, 4.8468e-01],
            [6.3179e-01, 3.6005e-01]],

           [[9.2314e-01, 9.5812e-02],
            [1.8112e-01, 8.2128e-01]],

           [[8.4815e-01, 4.6299e-03],
            [4.4433e-01, 7.5981e-02]],

           ...,

           [[1.7995e-01, 4.1012e-01],
            [5.5495e-01, 6.4180e-01]],

           [[6.3219e-01, 6.3906e-02],
            [7.6227e-01, 1.0807e-01]],

           [[8.9372e-01, 8.7567e-01],
            [2.2468e-01, 8.1261e-01]]],


          [[[8.6785e-01, 9.9476e-01],
            [8.9319e-01, 3.9874e-01]],

           [[7.5026e-01, 2.4034e-01],
            [7.1661e-01, 1.0751e-01]],

           [[7.5450e-01, 6.9436e-01],
            [5.0022e-01, 1.9880e-01]],

           ...,

           [[5.4206e-01, 1.0194e-01],
            [2.8938e-01, 5.6506e-01]],

           [[9.4943e-01, 7.0604e-01],
            [5.6212e-01, 7.5763e-01]],

           [[7.7399e-02, 5.4931e-01],
            [2.4274e-01, 5.6072e-01]]],


          [[[6.8053e-01, 5.4069e-01],
            [1.2444e-01, 9.9355e-01]],

           [[1.1813e-01, 2.5732e-01],
            [9.4679e-01, 3.0157e-01]],

           [[5.2954e-01, 6.8861e-01],
            [5.4235e-01, 6.5867e-01]],

           ...,

           [[5.7050e-01, 3.3151e-01],
            [4.1889e-01, 2.5369e-01]],

           [[3.1205e-01, 4.8155e-01],
            [8.4131e-01, 1.4331e-01]],

           [[7.3644e-01, 9.4569e-01],
            [5.7277e-01, 5.5412e-01]]]],



         [[[[2.8471e-01, 6.4828e-01],
            [7.3670e-01, 6.5618e-01]],

           [[3.0057e-01, 1.1120e-01],
            [7.2415e-01, 3.9978e-01]],

           [[2.3148e-01, 6.3889e-01],
            [6.6948e-01, 2.8510e-01]],

           ...,

           [[2.3759e-01, 6.7646e-01],
            [8.1532e-02, 6.3126e-01]],

           [[9.3027e-01, 2.4096e-01],
            [2.1770e-01, 3.2215e-01]],

           [[8.2302e-01, 7.5599e-01],
            [2.9512e-01, 3.0872e-01]]],


          [[[4.2949e-01, 1.9173e-01],
            [1.3232e-01, 4.6021e-01]],

           [[3.5617e-01, 8.1192e-01],
            [3.1070e-01, 5.5404e-01]],

           [[4.3924e-01, 6.3876e-01],
            [7.3246e-01, 8.4777e-01]],

           ...,

           [[9.8419e-01, 1.9779e-01],
            [6.4772e-01, 1.8102e-01]],

           [[5.2462e-01, 7.3355e-03],
            [1.9197e-01, 9.1874e-01]],

           [[1.6784e-01, 6.6251e-01],
            [9.9109e-01, 7.6983e-01]]],


          [[[9.0775e-01, 7.4300e-03],
            [8.5407e-04, 6.0791e-01]],

           [[4.7780e-01, 4.7593e-01],
            [4.9289e-01, 8.3297e-01]],

           [[3.2257e-01, 4.8344e-01],
            [6.2925e-01, 8.1539e-01]],

           ...,

           [[2.7809e-01, 1.1154e-01],
            [7.3019e-01, 1.8370e-01]],

           [[3.6142e-01, 9.6606e-01],
            [4.4969e-01, 3.4515e-01]],

           [[7.6579e-01, 9.3236e-01],
            [3.9023e-01, 5.1822e-01]]],


          ...,


          [[[3.3274e-01, 1.3865e-01],
            [7.8490e-01, 8.5541e-01]],

           [[2.6575e-01, 9.4417e-01],
            [9.1051e-01, 6.1954e-01]],

           [[5.6569e-01, 3.2968e-01],
            [9.3675e-01, 8.4184e-01]],

           ...,

           [[1.0397e-01, 2.2752e-01],
            [5.5015e-02, 1.6280e-02]],

           [[4.7588e-01, 4.9759e-01],
            [9.9432e-01, 7.4040e-01]],

           [[1.4872e-01, 9.5974e-01],
            [9.1864e-02, 8.8313e-01]]],


          [[[8.6171e-01, 1.3941e-01],
            [2.8483e-01, 4.7839e-01]],

           [[4.5655e-01, 7.1596e-01],
            [9.5633e-01, 9.7536e-01]],

           [[7.2074e-01, 6.1238e-02],
            [2.8455e-01, 9.5598e-01]],

           ...,

           [[9.8865e-01, 1.1531e-01],
            [4.8011e-02, 5.5103e-01]],

           [[1.1312e-03, 8.4870e-02],
            [5.0544e-01, 9.5023e-01]],

           [[2.2249e-01, 2.4043e-02],
            [9.5563e-01, 6.4992e-01]]],


          [[[8.6586e-01, 6.4127e-01],
            [8.4586e-01, 3.8974e-01]],

           [[2.1635e-01, 6.2486e-01],
            [8.0836e-01, 5.0342e-01]],

           [[4.9391e-01, 2.5863e-01],
            [6.4617e-01, 5.1060e-01]],

           ...,

           [[5.9174e-01, 3.4539e-01],
            [2.9355e-01, 3.4112e-01]],

           [[1.7788e-01, 7.9572e-01],
            [5.4132e-01, 4.0656e-01]],

           [[7.5663e-01, 8.0859e-01],
            [1.1439e-01, 5.0910e-01]]]],



         ...,



         [[[[2.1164e-01, 2.0285e-01],
            [3.3438e-01, 5.0835e-01]],

           [[7.1361e-01, 6.5975e-02],
            [2.4852e-01, 5.8147e-01]],

           [[8.9446e-01, 4.7834e-01],
            [5.9794e-01, 6.4868e-01]],

           ...,

           [[4.0748e-01, 8.4954e-01],
            [8.3668e-01, 5.8807e-01]],

           [[3.8985e-01, 4.7593e-01],
            [1.2410e-01, 2.4209e-01]],

           [[7.3185e-01, 7.1914e-01],
            [4.2892e-01, 9.3739e-01]]],


          [[[8.3307e-01, 5.7209e-01],
            [3.4901e-01, 4.4285e-01]],

           [[3.1626e-01, 5.9029e-01],
            [9.2186e-01, 5.4001e-01]],

           [[6.4005e-01, 4.7470e-01],
            [6.0617e-01, 9.4597e-01]],

           ...,

           [[2.7117e-01, 3.1432e-01],
            [5.5517e-01, 6.4218e-01]],

           [[2.9347e-01, 3.1868e-01],
            [9.0174e-01, 9.0911e-01]],

           [[5.1805e-01, 9.0967e-01],
            [4.1273e-01, 3.9593e-01]]],


          [[[2.2073e-01, 5.8290e-01],
            [3.3475e-03, 8.1514e-01]],

           [[9.4818e-01, 2.1937e-01],
            [2.3551e-01, 4.6287e-01]],

           [[6.8319e-01, 6.0535e-01],
            [3.1495e-01, 9.7447e-01]],

           ...,

           [[5.4503e-01, 6.2084e-01],
            [1.3243e-02, 1.1667e-01]],

           [[1.3473e-01, 2.7000e-01],
            [9.7840e-01, 6.5289e-01]],

           [[8.7257e-02, 2.2198e-02],
            [8.2314e-03, 9.0915e-01]]],


          ...,


          [[[7.3876e-01, 5.1818e-01],
            [1.6105e-01, 7.2453e-01]],

           [[2.5565e-01, 8.8677e-01],
            [9.5514e-01, 5.3751e-01]],

           [[1.6028e-01, 1.2329e-01],
            [9.5489e-01, 2.5661e-01]],

           ...,

           [[3.4865e-01, 8.8914e-02],
            [5.9105e-01, 3.3794e-01]],

           [[4.2475e-01, 1.4967e-01],
            [8.5502e-01, 2.3011e-01]],

           [[1.7680e-02, 3.7508e-01],
            [5.0312e-01, 4.3699e-01]]],


          [[[8.6187e-01, 2.8016e-01],
            [4.7054e-01, 4.9786e-01]],

           [[2.5584e-01, 7.1100e-01],
            [6.6252e-01, 3.5153e-01]],

           [[7.1326e-01, 1.9755e-01],
            [7.3733e-01, 6.2751e-01]],

           ...,

           [[2.7396e-01, 3.2737e-01],
            [5.7620e-01, 2.1665e-01]],

           [[6.4098e-01, 8.5858e-01],
            [9.9940e-01, 7.8514e-01]],

           [[6.9072e-01, 1.3065e-01],
            [3.3432e-01, 7.2117e-01]]],


          [[[3.7224e-01, 1.2193e-01],
            [9.5822e-02, 8.5631e-01]],

           [[3.5670e-01, 1.5837e-01],
            [2.4716e-01, 8.5541e-01]],

           [[2.6498e-01, 4.8973e-01],
            [6.6509e-01, 4.8530e-01]],

           ...,

           [[8.0168e-01, 8.8878e-01],
            [5.8938e-01, 4.2749e-01]],

           [[6.1138e-01, 9.4963e-01],
            [9.7136e-01, 3.7651e-01]],

           [[1.4698e-01, 3.3010e-01],
            [3.9183e-01, 3.9360e-01]]]],



         [[[[4.4476e-01, 3.7460e-01],
            [1.2634e-01, 3.6705e-01]],

           [[5.4956e-02, 6.3571e-01],
            [6.2478e-01, 5.5971e-01]],

           [[4.8041e-01, 3.0086e-01],
            [9.8682e-01, 8.9713e-01]],

           ...,

           [[3.0250e-01, 4.3913e-03],
            [5.3954e-01, 3.7174e-01]],

           [[7.3572e-01, 4.0338e-01],
            [8.1268e-01, 5.3705e-02]],

           [[8.2616e-01, 6.1525e-01],
            [7.3484e-01, 4.0762e-01]]],


          [[[6.6820e-02, 5.8278e-01],
            [9.8873e-01, 4.3024e-01]],

           [[7.7792e-01, 1.8814e-01],
            [4.6857e-01, 2.3730e-01]],

           [[6.6226e-01, 8.5276e-01],
            [3.4791e-01, 7.5799e-01]],

           ...,

           [[9.7168e-01, 2.3032e-01],
            [3.7245e-01, 5.9858e-02]],

           [[6.7106e-01, 2.6226e-01],
            [7.2014e-01, 7.7800e-01]],

           [[1.3355e-01, 6.3642e-01],
            [9.6732e-01, 9.4897e-01]]],


          [[[8.5000e-01, 6.9440e-01],
            [6.2220e-01, 3.4033e-01]],

           [[9.0457e-01, 9.4740e-01],
            [7.2776e-01, 6.8299e-01]],

           [[1.4776e-01, 2.7103e-02],
            [3.1362e-01, 3.8155e-01]],

           ...,

           [[4.2865e-01, 5.8579e-01],
            [1.4294e-01, 5.6797e-01]],

           [[4.8696e-01, 6.9623e-02],
            [7.7429e-01, 5.1706e-01]],

           [[6.8369e-01, 7.2852e-01],
            [9.1825e-01, 5.3036e-01]]],


          ...,


          [[[9.1815e-02, 7.8332e-01],
            [7.0391e-01, 1.3396e-01]],

           [[9.4059e-01, 2.1991e-01],
            [3.6040e-01, 5.7642e-01]],

           [[9.9297e-01, 5.0250e-01],
            [1.7135e-01, 4.3177e-01]],

           ...,

           [[1.3291e-01, 1.5866e-01],
            [9.5087e-01, 2.7971e-01]],

           [[1.7816e-01, 9.8643e-01],
            [8.9402e-01, 7.0860e-01]],

           [[4.6018e-01, 2.7785e-01],
            [9.0994e-01, 4.0429e-01]]],


          [[[4.8543e-02, 5.0456e-01],
            [1.5945e-01, 1.5173e-01]],

           [[2.9660e-01, 2.7560e-01],
            [7.5195e-01, 8.7978e-01]],

           [[3.5874e-01, 3.1453e-01],
            [7.7346e-01, 7.7059e-01]],

           ...,

           [[3.0398e-01, 5.4073e-01],
            [1.8159e-01, 2.1050e-01]],

           [[6.7823e-01, 1.0116e-01],
            [7.0491e-01, 8.3817e-01]],

           [[4.9708e-02, 7.0058e-02],
            [2.6452e-01, 6.5252e-01]]],


          [[[1.3642e-01, 2.3349e-01],
            [1.9786e-01, 2.8862e-01]],

           [[2.6255e-01, 1.9460e-01],
            [3.9822e-01, 9.0036e-01]],

           [[3.6275e-01, 3.4948e-01],
            [9.5907e-01, 1.1797e-01]],

           ...,

           [[4.4986e-01, 8.1236e-01],
            [6.9879e-02, 7.0687e-01]],

           [[1.5422e-01, 1.7054e-02],
            [5.3315e-01, 7.8986e-01]],

           [[7.6758e-01, 1.0327e-01],
            [9.5368e-01, 3.9326e-01]]]],



         [[[[3.4299e-01, 1.4005e-01],
            [3.0189e-01, 1.2296e-01]],

           [[4.7288e-01, 7.8280e-01],
            [6.8491e-01, 6.7572e-01]],

           [[6.8589e-01, 5.6212e-02],
            [7.4707e-01, 6.7767e-01]],

           ...,

           [[8.7436e-01, 9.6462e-02],
            [2.0877e-01, 6.5582e-01]],

           [[3.9295e-01, 2.0640e-01],
            [3.8299e-01, 7.0425e-01]],

           [[9.6147e-01, 3.3733e-01],
            [5.9555e-01, 3.0373e-01]]],


          [[[3.6619e-01, 1.8318e-01],
            [9.5680e-01, 4.3946e-01]],

           [[9.5998e-01, 9.9890e-02],
            [2.6149e-01, 9.9466e-01]],

           [[2.3062e-01, 3.5638e-01],
            [7.9778e-01, 1.6289e-01]],

           ...,

           [[1.4643e-01, 5.0676e-03],
            [8.5880e-02, 3.3922e-01]],

           [[7.7922e-01, 2.4699e-01],
            [7.3088e-01, 3.5123e-01]],

           [[3.2750e-01, 8.1616e-01],
            [5.6130e-01, 6.7325e-01]]],


          [[[2.8515e-01, 4.1381e-01],
            [7.8350e-01, 9.2919e-01]],

           [[9.9155e-01, 2.1058e-01],
            [4.0302e-01, 1.9387e-01]],

           [[9.4175e-01, 4.3368e-01],
            [7.5849e-01, 2.0220e-01]],

           ...,

           [[1.5168e-01, 9.8922e-01],
            [8.3075e-01, 6.2783e-01]],

           [[3.2288e-01, 2.3537e-01],
            [5.0204e-02, 5.4088e-01]],

           [[9.8210e-01, 7.9244e-01],
            [6.5040e-01, 3.0204e-01]]],


          ...,


          [[[7.5095e-01, 1.1142e-01],
            [7.6506e-01, 7.4725e-02]],

           [[2.7696e-01, 9.7213e-01],
            [8.0983e-01, 1.4468e-01]],

           [[4.5860e-01, 5.7789e-01],
            [5.5084e-01, 6.1195e-01]],

           ...,

           [[2.9962e-01, 7.4319e-01],
            [3.3106e-01, 3.2416e-01]],

           [[9.7756e-01, 1.2941e-01],
            [1.9949e-01, 8.3946e-02]],

           [[8.3491e-01, 5.0848e-01],
            [5.5818e-01, 3.4406e-01]]],


          [[[9.0907e-02, 8.9338e-01],
            [8.8061e-01, 8.5705e-01]],

           [[1.0976e-01, 6.6839e-01],
            [4.5435e-01, 7.2327e-01]],

           [[8.6872e-01, 8.9183e-01],
            [9.5454e-01, 7.3330e-01]],

           ...,

           [[8.8721e-01, 6.8378e-01],
            [3.2675e-01, 8.1902e-01]],

           [[9.8264e-02, 2.6366e-01],
            [1.3517e-02, 1.3477e-01]],

           [[7.7125e-01, 3.9012e-01],
            [3.8045e-01, 2.6616e-01]]],


          [[[8.6266e-01, 9.0377e-01],
            [9.8307e-01, 4.7693e-01]],

           [[2.8240e-01, 8.5082e-01],
            [3.3333e-01, 3.1160e-01]],

           [[9.6097e-01, 4.1533e-01],
            [6.8716e-01, 9.4794e-01]],

           ...,

           [[2.4728e-01, 8.5958e-01],
            [8.0588e-01, 9.1286e-01]],

           [[4.3976e-01, 8.8618e-01],
            [8.2711e-01, 4.3696e-01]],

           [[9.4079e-01, 1.8631e-01],
            [1.3283e-01, 1.9441e-01]]]]],




        [[[[[7.8379e-01, 2.3352e-02],
            [2.1125e-01, 8.2920e-01]],

           [[7.3257e-01, 2.2505e-01],
            [2.1314e-01, 7.5991e-01]],

           [[2.3302e-01, 5.1266e-01],
            [2.5615e-01, 5.4646e-01]],

           ...,

           [[4.8345e-01, 5.2931e-01],
            [5.3745e-01, 8.3841e-01]],

           [[7.7019e-03, 7.2318e-01],
            [5.8595e-02, 6.9757e-01]],

           [[3.1961e-01, 8.2485e-01],
            [6.2954e-01, 3.1361e-01]]],


          [[[5.1815e-01, 9.8921e-01],
            [1.0502e-01, 5.2080e-01]],

           [[9.4688e-01, 2.7374e-01],
            [6.4554e-01, 5.3962e-01]],

           [[2.3048e-01, 7.8358e-01],
            [5.9789e-01, 5.6070e-01]],

           ...,

           [[6.0064e-01, 9.8092e-01],
            [1.3736e-01, 9.1073e-01]],

           [[3.5528e-01, 3.9693e-01],
            [7.9327e-01, 3.6155e-01]],

           [[1.8769e-01, 9.1020e-01],
            [4.6470e-01, 8.0711e-01]]],


          [[[2.7640e-01, 5.8905e-01],
            [2.4412e-01, 5.6356e-01]],

           [[1.1930e-02, 5.9765e-01],
            [8.2307e-01, 2.5789e-01]],

           [[3.3403e-01, 1.8482e-01],
            [9.3689e-01, 6.9317e-01]],

           ...,

           [[2.6095e-01, 9.8462e-01],
            [4.1290e-01, 1.6547e-01]],

           [[4.7140e-01, 4.9796e-01],
            [7.7092e-01, 6.7792e-01]],

           [[2.6316e-01, 3.4105e-01],
            [4.4300e-01, 9.6074e-01]]],


          ...,


          [[[4.9647e-01, 4.7371e-01],
            [8.8312e-01, 5.8466e-01]],

           [[1.3239e-03, 8.2722e-01],
            [6.9971e-01, 3.6626e-01]],

           [[2.9612e-01, 4.2785e-01],
            [2.6069e-01, 5.3700e-02]],

           ...,

           [[3.8303e-01, 1.6676e-01],
            [6.1458e-01, 5.6299e-01]],

           [[3.9820e-01, 2.9669e-01],
            [8.4744e-01, 5.7769e-01]],

           [[9.0445e-02, 1.1252e-01],
            [8.5141e-01, 6.2459e-01]]],


          [[[2.5525e-01, 7.1132e-01],
            [7.4707e-01, 8.9410e-01]],

           [[2.4948e-01, 2.5266e-01],
            [3.1567e-01, 7.1151e-01]],

           [[2.4585e-01, 3.7289e-01],
            [9.4022e-01, 3.9958e-02]],

           ...,

           [[9.4800e-01, 3.5886e-01],
            [4.3573e-01, 5.3439e-01]],

           [[1.3125e-01, 2.3510e-01],
            [5.7662e-01, 8.9330e-01]],

           [[1.5461e-01, 6.4832e-01],
            [3.0907e-01, 8.7919e-02]]],


          [[[8.3915e-02, 4.1276e-01],
            [7.1444e-01, 5.7375e-01]],

           [[4.2334e-01, 3.3794e-01],
            [3.5371e-01, 7.7399e-01]],

           [[5.4481e-01, 9.5508e-01],
            [6.5497e-02, 2.5563e-01]],

           ...,

           [[5.7812e-01, 3.2246e-01],
            [3.2587e-02, 2.6885e-01]],

           [[2.0658e-01, 7.6964e-01],
            [4.8245e-01, 2.6909e-02]],

           [[7.0689e-01, 5.1030e-01],
            [4.1288e-02, 9.4871e-01]]]],



         [[[[3.2893e-01, 7.0931e-01],
            [2.1725e-01, 8.3766e-01]],

           [[6.3312e-01, 8.7829e-01],
            [9.8529e-01, 8.8505e-01]],

           [[7.3221e-01, 4.2891e-01],
            [1.3119e-01, 6.5590e-01]],

           ...,

           [[7.2074e-01, 4.8670e-01],
            [4.8214e-01, 8.6397e-01]],

           [[2.0542e-01, 3.0537e-01],
            [1.4891e-01, 8.9862e-01]],

           [[9.4267e-01, 7.3728e-01],
            [8.1653e-01, 2.7466e-01]]],


          [[[2.4038e-01, 2.6955e-01],
            [8.3070e-01, 8.3337e-01]],

           [[4.8512e-01, 3.8388e-02],
            [3.6019e-01, 3.4892e-01]],

           [[6.2446e-01, 8.6007e-01],
            [7.5664e-01, 7.8986e-01]],

           ...,

           [[6.5976e-01, 5.9561e-01],
            [6.8885e-01, 7.9411e-03]],

           [[3.0199e-01, 2.2881e-01],
            [6.4724e-01, 7.5356e-01]],

           [[4.5384e-01, 6.1152e-01],
            [6.7411e-01, 2.7623e-01]]],


          [[[1.3291e-01, 3.8607e-01],
            [5.2078e-01, 3.5944e-01]],

           [[6.0437e-01, 7.0764e-01],
            [7.9443e-01, 5.4704e-01]],

           [[1.8758e-01, 2.4980e-01],
            [1.1580e-01, 9.2039e-01]],

           ...,

           [[9.0368e-01, 9.8493e-01],
            [5.5741e-01, 4.7329e-01]],

           [[5.4311e-01, 3.0727e-01],
            [1.0731e-01, 6.1834e-01]],

           [[5.1644e-01, 5.0091e-01],
            [8.0225e-01, 7.1425e-03]]],


          ...,


          [[[6.5367e-01, 7.9839e-01],
            [9.8482e-01, 6.9368e-01]],

           [[3.2474e-01, 8.5597e-01],
            [1.0056e-01, 8.4233e-02]],

           [[8.6824e-01, 3.6085e-01],
            [1.1176e-01, 1.7947e-01]],

           ...,

           [[2.7963e-02, 9.7994e-01],
            [1.8004e-03, 4.1383e-02]],

           [[6.0605e-01, 3.2858e-01],
            [7.2040e-01, 2.3668e-01]],

           [[6.9114e-01, 8.6199e-01],
            [6.0120e-01, 6.6787e-01]]],


          [[[1.6854e-01, 3.2540e-01],
            [8.7206e-01, 7.3613e-01]],

           [[7.7148e-01, 1.1651e-01],
            [3.4805e-01, 8.3840e-01]],

           [[2.7575e-01, 9.2779e-01],
            [8.0737e-02, 3.4990e-01]],

           ...,

           [[1.8299e-02, 6.9296e-01],
            [2.0710e-01, 8.4212e-02]],

           [[2.8323e-01, 8.5748e-01],
            [8.1868e-01, 7.0033e-01]],

           [[8.0406e-01, 5.0942e-01],
            [3.1639e-01, 1.2852e-01]]],


          [[[1.6081e-01, 5.2184e-01],
            [7.6788e-01, 5.5719e-01]],

           [[4.5223e-02, 1.5480e-01],
            [2.6798e-01, 3.0246e-01]],

           [[4.3034e-01, 4.7069e-02],
            [1.5818e-01, 1.8382e-01]],

           ...,

           [[9.4278e-01, 8.9462e-01],
            [3.5933e-01, 4.7214e-01]],

           [[8.8427e-01, 1.9565e-01],
            [1.2997e-01, 9.2372e-01]],

           [[3.2444e-01, 3.8230e-01],
            [3.7220e-01, 7.8994e-01]]]],



         [[[[5.5770e-01, 7.9081e-01],
            [4.8631e-01, 2.2754e-01]],

           [[2.5331e-01, 3.8903e-01],
            [9.5371e-02, 2.7652e-01]],

           [[9.3217e-01, 8.2538e-01],
            [9.9988e-01, 9.5063e-01]],

           ...,

           [[1.1227e-01, 8.3253e-01],
            [5.5532e-02, 6.0333e-01]],

           [[4.9514e-01, 3.4755e-01],
            [9.5962e-01, 7.5143e-01]],

           [[7.4768e-02, 3.5309e-01],
            [5.2587e-01, 4.0572e-01]]],


          [[[3.8669e-01, 4.0870e-01],
            [2.8556e-01, 7.7710e-01]],

           [[7.4407e-01, 6.5536e-01],
            [1.1271e-01, 9.3160e-01]],

           [[8.5650e-01, 1.3063e-01],
            [8.2216e-01, 1.3921e-01]],

           ...,

           [[4.4176e-02, 7.1346e-02],
            [7.7778e-02, 1.1265e-01]],

           [[1.3219e-01, 1.9396e-01],
            [7.1217e-01, 4.9319e-01]],

           [[9.3141e-01, 3.7281e-01],
            [3.6054e-01, 8.1601e-01]]],


          [[[8.5902e-01, 2.1812e-01],
            [8.4465e-01, 8.6832e-01]],

           [[8.8302e-01, 6.8444e-01],
            [3.7334e-01, 8.7711e-01]],

           [[7.8309e-01, 5.7319e-01],
            [2.9478e-01, 2.9409e-02]],

           ...,

           [[2.1925e-01, 7.9554e-01],
            [8.5275e-02, 6.8661e-01]],

           [[5.5166e-01, 1.3522e-01],
            [7.3501e-01, 8.0392e-01]],

           [[5.4880e-01, 5.1913e-01],
            [3.0158e-01, 2.4784e-01]]],


          ...,


          [[[7.5054e-01, 9.0297e-01],
            [8.7765e-01, 4.6043e-01]],

           [[2.4670e-01, 5.5593e-01],
            [9.1808e-01, 3.2501e-01]],

           [[7.0228e-01, 5.1704e-01],
            [4.8138e-01, 1.1580e-02]],

           ...,

           [[6.8412e-01, 3.9486e-01],
            [2.8566e-01, 7.3942e-01]],

           [[5.8141e-01, 9.6662e-01],
            [4.4878e-01, 1.6171e-01]],

           [[9.6339e-01, 5.6647e-01],
            [2.7233e-01, 5.2528e-01]]],


          [[[3.6855e-01, 9.3701e-01],
            [7.9791e-01, 9.6379e-01]],

           [[2.6698e-01, 7.8953e-01],
            [6.8683e-01, 4.4369e-01]],

           [[3.8684e-02, 5.4533e-01],
            [3.7027e-01, 5.8199e-01]],

           ...,

           [[4.7619e-01, 3.3913e-01],
            [2.5046e-01, 7.8981e-02]],

           [[3.1593e-01, 4.4035e-01],
            [7.4912e-01, 4.2521e-01]],

           [[4.0647e-02, 4.1261e-01],
            [1.8069e-01, 8.0109e-01]]],


          [[[3.0897e-01, 9.4601e-01],
            [6.8465e-01, 2.6289e-02]],

           [[4.7223e-01, 8.7410e-01],
            [1.3987e-01, 7.1556e-01]],

           [[2.6233e-01, 7.4039e-03],
            [3.6102e-01, 9.7240e-01]],

           ...,

           [[6.3010e-01, 7.2366e-02],
            [7.7045e-01, 4.4903e-01]],

           [[6.0363e-01, 1.3589e-01],
            [1.8238e-03, 4.4219e-01]],

           [[5.2153e-01, 9.1093e-01],
            [8.1843e-01, 4.7345e-01]]]],



         ...,



         [[[[6.6027e-02, 6.2389e-01],
            [5.5376e-01, 4.6775e-01]],

           [[8.0637e-01, 2.3236e-01],
            [1.3263e-01, 9.2185e-01]],

           [[7.3750e-01, 5.6921e-01],
            [6.9370e-01, 7.9606e-01]],

           ...,

           [[7.6134e-01, 9.7402e-01],
            [3.4667e-01, 9.1106e-01]],

           [[7.7938e-01, 3.9165e-01],
            [9.8996e-01, 5.2236e-01]],

           [[3.4006e-01, 6.6141e-01],
            [3.7709e-01, 9.0031e-01]]],


          [[[9.7064e-01, 1.6838e-01],
            [4.4075e-01, 5.7123e-01]],

           [[1.5655e-01, 6.1385e-01],
            [6.7565e-01, 9.6469e-01]],

           [[7.4749e-01, 6.1542e-01],
            [2.8972e-01, 4.4628e-01]],

           ...,

           [[4.2563e-01, 6.0852e-02],
            [8.8619e-02, 2.5510e-01]],

           [[3.0342e-01, 1.1842e-01],
            [4.9488e-01, 2.2676e-02]],

           [[6.4118e-01, 2.4581e-01],
            [4.0783e-01, 4.4087e-01]]],


          [[[7.6675e-01, 6.4947e-01],
            [1.7301e-01, 7.9144e-01]],

           [[5.8075e-01, 8.0766e-01],
            [5.7223e-01, 6.4521e-01]],

           [[8.3976e-01, 5.7558e-01],
            [6.8573e-01, 5.4802e-01]],

           ...,

           [[6.5073e-01, 3.5517e-01],
            [2.8914e-01, 1.9638e-01]],

           [[4.7296e-02, 2.8940e-01],
            [3.6616e-01, 5.8996e-01]],

           [[2.2868e-01, 6.1035e-01],
            [3.6790e-01, 5.2366e-01]]],


          ...,


          [[[4.4121e-01, 7.9495e-01],
            [3.2786e-01, 1.4717e-01]],

           [[8.0049e-01, 4.3638e-02],
            [1.2578e-01, 9.8752e-01]],

           [[6.2202e-01, 8.8091e-01],
            [1.3045e-01, 9.6893e-01]],

           ...,

           [[6.7975e-01, 7.7113e-01],
            [7.6468e-01, 3.3225e-01]],

           [[1.3648e-01, 7.0954e-01],
            [4.9210e-01, 5.0736e-01]],

           [[2.0539e-01, 6.5340e-01],
            [5.1195e-01, 6.7001e-01]]],


          [[[6.6183e-01, 3.5253e-01],
            [4.5454e-01, 5.3908e-01]],

           [[7.1230e-01, 1.0580e-01],
            [7.3183e-01, 5.1423e-01]],

           [[5.6867e-01, 8.3756e-01],
            [8.8785e-01, 9.1433e-01]],

           ...,

           [[9.5596e-01, 3.5071e-02],
            [2.9204e-01, 1.4617e-01]],

           [[2.8898e-01, 1.9769e-01],
            [3.4686e-01, 9.2616e-01]],

           [[5.3597e-01, 8.0261e-01],
            [2.7349e-01, 7.7734e-01]]],


          [[[9.3905e-01, 3.7469e-01],
            [8.1520e-01, 2.6060e-01]],

           [[3.2202e-01, 2.2294e-01],
            [7.0012e-02, 9.6763e-01]],

           [[4.2550e-02, 9.2447e-01],
            [3.2283e-01, 2.5071e-01]],

           ...,

           [[6.9488e-01, 2.9518e-01],
            [2.9415e-01, 6.8125e-01]],

           [[2.9063e-01, 1.2952e-01],
            [1.6451e-01, 3.6825e-01]],

           [[8.3370e-01, 2.3619e-01],
            [9.9626e-01, 9.4993e-01]]]],



         [[[[4.0431e-01, 4.5971e-01],
            [4.5621e-01, 4.2010e-01]],

           [[5.9253e-01, 1.6712e-01],
            [9.1937e-01, 1.5974e-01]],

           [[3.2183e-01, 8.0548e-02],
            [9.1306e-01, 9.4098e-01]],

           ...,

           [[5.3706e-01, 1.9156e-01],
            [6.5872e-01, 2.0191e-01]],

           [[3.2495e-01, 6.4231e-01],
            [9.6036e-01, 4.3303e-01]],

           [[4.5299e-01, 8.8844e-01],
            [9.4032e-01, 7.6576e-01]]],


          [[[4.1214e-01, 6.5791e-01],
            [7.1454e-01, 8.6717e-01]],

           [[9.7891e-02, 4.8054e-01],
            [2.4104e-01, 7.9079e-01]],

           [[6.4653e-01, 7.7118e-02],
            [4.9718e-01, 6.1818e-01]],

           ...,

           [[5.1978e-02, 4.4272e-01],
            [9.0642e-01, 5.1356e-01]],

           [[8.8196e-01, 7.0361e-01],
            [9.8537e-01, 1.8693e-01]],

           [[7.4599e-02, 8.2951e-01],
            [2.4454e-01, 9.6360e-01]]],


          [[[3.1203e-01, 7.9619e-01],
            [4.5710e-01, 8.4744e-02]],

           [[8.6637e-01, 5.8025e-01],
            [6.4027e-01, 8.1874e-01]],

           [[1.1832e-01, 8.4581e-01],
            [3.1325e-01, 5.1391e-01]],

           ...,

           [[9.3838e-01, 1.7213e-01],
            [8.1368e-01, 7.3043e-01]],

           [[2.4468e-01, 5.8304e-01],
            [7.8872e-01, 7.1055e-01]],

           [[8.5754e-01, 1.0397e-01],
            [3.4304e-01, 1.7636e-01]]],


          ...,


          [[[2.4131e-01, 4.0032e-01],
            [3.5018e-01, 5.8392e-01]],

           [[5.7907e-02, 5.3963e-01],
            [8.0603e-01, 6.4100e-01]],

           [[6.0430e-01, 3.8392e-02],
            [7.2693e-01, 1.2376e-01]],

           ...,

           [[3.7559e-01, 1.7402e-02],
            [1.4005e-01, 5.1980e-01]],

           [[2.5007e-01, 9.4612e-01],
            [4.4212e-01, 8.0461e-01]],

           [[5.1781e-01, 9.9284e-02],
            [3.8799e-02, 6.0073e-01]]],


          [[[8.7736e-01, 7.4376e-01],
            [3.3848e-01, 5.5769e-01]],

           [[8.3548e-01, 9.6049e-01],
            [8.2693e-01, 1.5882e-01]],

           [[5.1005e-01, 9.3860e-01],
            [5.6466e-01, 9.0865e-01]],

           ...,

           [[1.6680e-01, 6.4926e-01],
            [8.7122e-01, 4.8503e-01]],

           [[3.3012e-01, 9.2491e-01],
            [5.4833e-01, 5.7164e-01]],

           [[3.7542e-01, 1.0990e-01],
            [4.0486e-01, 5.8407e-01]]],


          [[[2.7994e-01, 3.5191e-01],
            [1.6538e-01, 5.7041e-01]],

           [[6.5728e-03, 3.7654e-01],
            [1.8470e-01, 4.5436e-01]],

           [[8.9019e-01, 2.5308e-01],
            [5.1853e-01, 1.1196e-01]],

           ...,

           [[2.4964e-01, 7.7043e-01],
            [7.7022e-01, 2.5299e-01]],

           [[2.2051e-01, 9.6835e-01],
            [7.4883e-01, 8.8801e-01]],

           [[3.2144e-01, 9.8798e-01],
            [9.7256e-01, 6.5739e-01]]]],



         [[[[4.6907e-01, 6.7133e-01],
            [8.3550e-01, 7.1000e-01]],

           [[4.8672e-01, 3.5804e-01],
            [9.8136e-01, 6.0992e-01]],

           [[1.8334e-01, 4.5662e-02],
            [2.4599e-01, 9.6816e-01]],

           ...,

           [[8.1977e-01, 7.0759e-01],
            [9.0268e-02, 5.1440e-01]],

           [[7.9428e-01, 4.5428e-01],
            [3.2322e-01, 8.6183e-01]],

           [[9.5400e-01, 6.8188e-01],
            [7.0466e-01, 6.0350e-01]]],


          [[[9.6729e-02, 8.7610e-01],
            [8.5042e-01, 7.7703e-02]],

           [[8.8623e-01, 3.2824e-02],
            [9.4160e-01, 7.7680e-02]],

           [[8.0485e-01, 5.1550e-01],
            [1.7639e-01, 7.2197e-01]],

           ...,

           [[7.9958e-01, 2.5375e-01],
            [6.6825e-01, 4.4836e-02]],

           [[9.1057e-01, 2.5431e-01],
            [5.8479e-01, 3.6851e-01]],

           [[2.5880e-01, 5.7796e-01],
            [8.9589e-01, 3.8411e-01]]],


          [[[2.4777e-01, 5.8289e-02],
            [4.7819e-01, 3.3722e-02]],

           [[4.6760e-01, 3.2571e-01],
            [5.4406e-02, 8.8061e-01]],

           [[2.8301e-01, 2.2545e-01],
            [6.1917e-01, 4.0894e-01]],

           ...,

           [[8.3877e-01, 7.1251e-01],
            [8.6543e-02, 1.7815e-02]],

           [[3.9872e-01, 9.6392e-01],
            [8.3529e-01, 2.5267e-01]],

           [[6.1541e-02, 6.2605e-01],
            [9.5094e-01, 4.4108e-01]]],


          ...,


          [[[4.5201e-01, 6.5890e-01],
            [4.3293e-01, 8.9642e-01]],

           [[1.0873e-01, 4.4277e-01],
            [8.3406e-01, 5.6054e-01]],

           [[9.8603e-01, 7.5602e-01],
            [8.9246e-01, 5.2241e-01]],

           ...,

           [[7.5500e-01, 8.7653e-01],
            [4.8480e-01, 6.5973e-01]],

           [[9.3267e-01, 4.6147e-01],
            [7.8598e-01, 3.0862e-02]],

           [[9.3904e-02, 9.6706e-01],
            [9.8658e-01, 2.8004e-01]]],


          [[[4.2466e-01, 7.3112e-01],
            [6.1632e-01, 9.7241e-01]],

           [[3.6008e-01, 4.8815e-01],
            [6.8610e-01, 9.5049e-01]],

           [[9.2622e-01, 5.4166e-01],
            [1.2147e-01, 6.2387e-01]],

           ...,

           [[5.3987e-02, 2.0735e-01],
            [7.0790e-01, 2.0652e-01]],

           [[8.0156e-01, 3.7222e-01],
            [9.8470e-01, 1.2624e-01]],

           [[7.6783e-01, 8.4408e-02],
            [5.6894e-01, 5.6957e-01]]],


          [[[8.0530e-01, 3.4935e-01],
            [9.6737e-01, 1.4842e-01]],

           [[3.9370e-01, 9.6236e-01],
            [7.5297e-01, 3.9960e-01]],

           [[7.7106e-01, 6.1236e-01],
            [6.1202e-01, 8.0169e-01]],

           ...,

           [[4.0491e-01, 1.1399e-01],
            [3.5493e-01, 1.8254e-01]],

           [[6.9542e-01, 4.1081e-01],
            [8.4741e-02, 1.1933e-01]],

           [[6.3811e-01, 2.8624e-01],
            [7.6854e-01, 1.0528e-01]]]]],




        [[[[[7.2063e-01, 2.9138e-01],
            [8.4254e-01, 8.7671e-01]],

           [[9.1081e-01, 5.2468e-01],
            [3.5080e-01, 7.0627e-01]],

           [[6.5396e-01, 4.7326e-01],
            [9.6600e-01, 7.0254e-01]],

           ...,

           [[9.0443e-01, 3.1293e-01],
            [6.8375e-01, 2.7063e-01]],

           [[3.5860e-01, 3.5359e-01],
            [4.4288e-01, 4.3314e-02]],

           [[2.3682e-02, 2.5611e-01],
            [7.9328e-01, 6.8168e-01]]],


          [[[5.6299e-01, 3.8129e-01],
            [6.6641e-01, 8.4131e-01]],

           [[5.2164e-01, 6.4523e-01],
            [6.9389e-01, 1.9530e-01]],

           [[7.3063e-01, 8.0446e-01],
            [5.4302e-01, 9.9809e-01]],

           ...,

           [[7.6525e-02, 6.7240e-02],
            [7.8190e-01, 6.0274e-01]],

           [[9.9114e-01, 8.4300e-02],
            [7.7940e-01, 8.0939e-01]],

           [[4.4091e-01, 9.0199e-01],
            [4.9965e-01, 6.9605e-01]]],


          [[[8.5675e-01, 5.0548e-01],
            [5.8487e-01, 5.9554e-01]],

           [[2.3353e-02, 6.9951e-01],
            [1.1457e-01, 4.7841e-01]],

           [[4.8224e-01, 7.4295e-01],
            [4.7477e-03, 3.1725e-01]],

           ...,

           [[5.2080e-01, 3.6908e-01],
            [8.3222e-01, 2.4650e-01]],

           [[4.1484e-01, 2.6659e-01],
            [8.8976e-01, 9.8493e-01]],

           [[4.4662e-01, 9.7560e-01],
            [8.3674e-01, 3.4352e-01]]],


          ...,


          [[[2.7508e-02, 2.7799e-01],
            [6.5706e-01, 2.3191e-01]],

           [[9.5080e-02, 3.6988e-01],
            [1.7746e-02, 1.7518e-01]],

           [[6.4661e-01, 4.7115e-01],
            [4.9600e-01, 3.5729e-01]],

           ...,

           [[2.5480e-01, 3.8660e-01],
            [1.8724e-01, 9.0067e-01]],

           [[8.8617e-01, 6.2019e-01],
            [3.6019e-01, 8.2508e-01]],

           [[2.1736e-03, 1.8413e-01],
            [7.5610e-01, 7.9685e-01]]],


          [[[4.6288e-01, 9.1314e-01],
            [8.3195e-01, 7.1816e-02]],

           [[3.8597e-01, 5.3086e-01],
            [6.3426e-01, 6.7842e-01]],

           [[1.6387e-01, 1.7182e-02],
            [4.7655e-01, 1.9543e-01]],

           ...,

           [[2.8287e-01, 8.7943e-01],
            [8.3808e-01, 7.2991e-01]],

           [[3.2621e-01, 9.1273e-01],
            [1.1843e-01, 8.5450e-01]],

           [[7.2447e-01, 3.4764e-01],
            [6.8281e-02, 8.3283e-01]]],


          [[[3.8259e-01, 4.0919e-02],
            [3.4003e-01, 1.4987e-01]],

           [[3.6829e-01, 4.8525e-01],
            [7.1690e-01, 5.2726e-01]],

           [[3.6004e-01, 4.7747e-01],
            [8.9710e-02, 3.0006e-01]],

           ...,

           [[7.7095e-01, 5.9911e-01],
            [6.9230e-01, 5.2180e-01]],

           [[6.3064e-01, 2.5698e-01],
            [7.9222e-02, 4.8180e-02]],

           [[9.5080e-01, 8.9824e-01],
            [2.8351e-01, 2.0138e-01]]]],



         [[[[3.4166e-01, 4.0445e-01],
            [8.6042e-01, 6.0129e-01]],

           [[1.5782e-01, 6.9450e-01],
            [5.2055e-01, 2.0224e-01]],

           [[7.8448e-01, 5.6986e-01],
            [4.6576e-01, 2.1087e-01]],

           ...,

           [[2.7378e-01, 4.2412e-01],
            [9.8352e-01, 4.9655e-01]],

           [[5.1814e-01, 3.1128e-01],
            [4.6263e-02, 5.7146e-01]],

           [[1.1391e-01, 9.1619e-01],
            [2.2300e-01, 4.2669e-01]]],


          [[[8.6108e-01, 1.5749e-01],
            [3.0221e-01, 6.9880e-01]],

           [[9.3175e-01, 4.0069e-01],
            [9.4604e-01, 2.3373e-01]],

           [[5.8048e-01, 3.2902e-01],
            [5.2128e-02, 1.5202e-01]],

           ...,

           [[8.6662e-01, 6.0781e-01],
            [8.7988e-02, 8.6688e-02]],

           [[4.2111e-01, 2.0458e-01],
            [4.7430e-01, 2.9859e-01]],

           [[7.9213e-01, 9.8385e-01],
            [7.7975e-01, 3.3924e-01]]],


          [[[8.9894e-01, 3.9353e-01],
            [6.5394e-02, 5.5605e-01]],

           [[3.0765e-01, 4.0434e-01],
            [2.2716e-01, 9.7539e-01]],

           [[2.9392e-01, 4.0419e-01],
            [9.6199e-01, 8.5934e-02]],

           ...,

           [[1.8548e-01, 2.7894e-01],
            [2.7412e-02, 1.6459e-01]],

           [[3.6335e-01, 6.1440e-01],
            [9.7132e-01, 7.9624e-01]],

           [[8.4072e-01, 4.6906e-01],
            [3.7097e-01, 4.4541e-01]]],


          ...,


          [[[1.8682e-01, 7.3565e-01],
            [1.1448e-01, 9.2750e-01]],

           [[1.2725e-01, 8.2218e-01],
            [4.0346e-01, 7.1631e-01]],

           [[6.8083e-01, 2.9765e-01],
            [5.9528e-01, 1.7825e-01]],

           ...,

           [[2.6046e-01, 1.2035e-01],
            [4.4406e-01, 7.2667e-01]],

           [[3.5556e-01, 5.4505e-01],
            [5.3214e-01, 1.4817e-01]],

           [[8.7391e-01, 4.1658e-02],
            [5.2356e-01, 3.8971e-02]]],


          [[[4.8810e-01, 5.6521e-01],
            [9.3170e-01, 4.8825e-01]],

           [[5.1759e-01, 8.2703e-01],
            [5.5080e-01, 1.0192e-01]],

           [[9.0744e-01, 3.1095e-01],
            [7.8802e-01, 8.0215e-01]],

           ...,

           [[7.9864e-01, 5.6096e-01],
            [9.2578e-01, 9.6188e-02]],

           [[1.9427e-01, 4.4452e-01],
            [3.6940e-03, 5.8629e-01]],

           [[8.1330e-01, 3.0289e-01],
            [4.1487e-02, 9.2659e-01]]],


          [[[8.1899e-01, 1.9336e-01],
            [3.5520e-01, 8.4466e-01]],

           [[3.0691e-01, 5.5655e-01],
            [8.6571e-01, 5.6293e-01]],

           [[7.8004e-01, 1.5530e-01],
            [8.6435e-01, 6.9473e-01]],

           ...,

           [[2.6937e-01, 2.1854e-01],
            [7.5810e-01, 5.3873e-01]],

           [[7.4040e-01, 7.9996e-01],
            [2.3351e-01, 5.2757e-01]],

           [[1.9299e-01, 8.1989e-01],
            [6.4885e-01, 5.1577e-01]]]],



         [[[[5.1383e-01, 9.4365e-01],
            [4.7939e-01, 5.2908e-01]],

           [[8.8189e-01, 1.4777e-02],
            [1.2522e-01, 1.4867e-01]],

           [[9.8878e-01, 1.1159e-01],
            [3.7344e-01, 5.0754e-01]],

           ...,

           [[3.6972e-01, 1.7941e-01],
            [1.1670e-01, 3.8232e-01]],

           [[8.0587e-02, 4.1555e-01],
            [7.3286e-01, 2.1588e-01]],

           [[5.5470e-01, 5.7974e-01],
            [4.5074e-01, 5.6708e-01]]],


          [[[7.5260e-01, 6.5249e-01],
            [3.6864e-01, 1.7958e-01]],

           [[6.8397e-01, 9.5873e-01],
            [2.8756e-01, 3.4945e-01]],

           [[7.2772e-01, 9.1040e-01],
            [3.9677e-01, 4.6895e-01]],

           ...,

           [[6.2067e-02, 2.1112e-01],
            [3.2962e-02, 2.5377e-01]],

           [[7.5234e-01, 9.8814e-01],
            [2.8929e-02, 5.9901e-01]],

           [[9.7211e-01, 7.8294e-01],
            [1.8005e-01, 8.9835e-01]]],


          [[[3.3415e-03, 8.0175e-01],
            [9.4421e-01, 9.2437e-01]],

           [[9.1101e-02, 7.3145e-01],
            [5.1760e-01, 9.2273e-02]],

           [[7.9726e-02, 3.3058e-02],
            [7.4710e-01, 1.6138e-01]],

           ...,

           [[6.5258e-01, 7.3850e-01],
            [3.6970e-01, 1.1823e-01]],

           [[2.9342e-01, 9.7324e-01],
            [3.3296e-01, 5.3673e-01]],

           [[8.4420e-01, 3.6870e-01],
            [1.0390e-01, 7.5144e-01]]],


          ...,


          [[[1.7630e-01, 4.2218e-01],
            [7.6444e-01, 1.9415e-01]],

           [[2.4068e-01, 8.8593e-01],
            [9.6729e-01, 7.8508e-01]],

           [[2.4978e-01, 6.6078e-01],
            [4.0980e-01, 5.2497e-01]],

           ...,

           [[5.2875e-01, 2.9295e-01],
            [3.9089e-01, 3.1863e-01]],

           [[4.8736e-02, 6.4842e-01],
            [9.6690e-01, 8.0632e-01]],

           [[4.4782e-01, 3.0714e-01],
            [8.9996e-01, 4.9834e-01]]],


          [[[3.7273e-02, 7.0089e-01],
            [7.2807e-01, 4.1044e-01]],

           [[5.3239e-02, 7.0715e-01],
            [2.4661e-01, 2.8031e-01]],

           [[7.8773e-01, 9.3525e-01],
            [2.9407e-01, 2.6290e-02]],

           ...,

           [[7.1209e-01, 5.1941e-01],
            [3.2084e-01, 7.0578e-01]],

           [[7.1230e-01, 5.9070e-01],
            [6.0599e-01, 4.5224e-01]],

           [[6.7547e-01, 8.1253e-01],
            [8.5758e-01, 3.2567e-01]]],


          [[[6.9328e-01, 6.4539e-01],
            [2.7674e-03, 3.6629e-01]],

           [[4.4831e-01, 8.9391e-01],
            [5.4027e-01, 5.0063e-01]],

           [[7.1696e-01, 6.6182e-01],
            [7.0405e-02, 2.7547e-01]],

           ...,

           [[5.2111e-01, 2.5063e-01],
            [2.8702e-01, 2.3618e-01]],

           [[3.3463e-01, 4.6340e-01],
            [4.4868e-01, 4.4443e-01]],

           [[3.4935e-02, 6.2393e-01],
            [5.3143e-01, 8.0282e-01]]]],



         ...,



         [[[[8.3442e-01, 8.0111e-01],
            [7.1572e-01, 5.3109e-01]],

           [[3.8336e-01, 2.0342e-01],
            [4.0808e-01, 9.5808e-01]],

           [[2.2402e-01, 8.6971e-01],
            [4.1607e-01, 9.6777e-01]],

           ...,

           [[9.7632e-01, 6.2816e-01],
            [2.4509e-02, 4.3735e-01]],

           [[4.3406e-01, 6.3710e-01],
            [8.9067e-01, 1.5996e-02]],

           [[2.1855e-01, 4.8942e-01],
            [2.3554e-01, 5.4834e-01]]],


          [[[3.5726e-02, 3.1127e-03],
            [7.3438e-01, 5.8601e-01]],

           [[4.1303e-01, 4.3286e-01],
            [4.4294e-01, 9.0276e-01]],

           [[4.5236e-01, 3.4817e-01],
            [4.0553e-01, 7.5203e-01]],

           ...,

           [[5.0411e-01, 2.8473e-01],
            [7.3479e-01, 3.2414e-01]],

           [[5.7016e-01, 2.1412e-02],
            [4.1019e-01, 4.5581e-01]],

           [[7.0157e-01, 6.9486e-01],
            [9.0019e-01, 3.8879e-01]]],


          [[[3.8965e-01, 9.1755e-01],
            [9.2631e-01, 7.9909e-02]],

           [[8.6890e-01, 6.5558e-01],
            [4.4373e-01, 8.7669e-01]],

           [[6.6916e-01, 7.3568e-01],
            [3.3969e-01, 9.3571e-01]],

           ...,

           [[4.3848e-01, 9.4830e-01],
            [4.5589e-01, 8.3673e-02]],

           [[4.9813e-03, 6.7952e-01],
            [2.7092e-01, 9.4188e-01]],

           [[9.3188e-01, 6.2808e-01],
            [5.0029e-01, 4.6171e-01]]],


          ...,


          [[[3.9920e-01, 5.0598e-01],
            [1.0100e-02, 2.5271e-01]],

           [[8.8560e-01, 1.9053e-01],
            [3.9332e-01, 5.5833e-02]],

           [[6.6076e-01, 6.1801e-01],
            [2.9140e-01, 9.3774e-01]],

           ...,

           [[6.2158e-01, 6.4859e-01],
            [1.9836e-01, 6.2700e-01]],

           [[6.8871e-01, 2.2119e-01],
            [5.2440e-01, 5.1020e-01]],

           [[2.9627e-01, 3.6536e-02],
            [5.9287e-01, 2.2489e-01]]],


          [[[1.0677e-01, 5.6686e-01],
            [8.6406e-01, 1.4075e-01]],

           [[8.5665e-01, 1.1541e-02],
            [8.6616e-01, 4.6554e-01]],

           [[7.9808e-01, 5.2400e-01],
            [8.0334e-02, 5.6844e-01]],

           ...,

           [[2.6304e-01, 3.3342e-02],
            [6.7116e-01, 8.2454e-01]],

           [[6.3881e-01, 1.6302e-02],
            [4.9275e-01, 2.5808e-01]],

           [[8.8570e-01, 1.9349e-02],
            [3.1111e-01, 7.7903e-01]]],


          [[[9.7774e-01, 6.6588e-01],
            [2.6338e-01, 6.8471e-01]],

           [[6.6876e-01, 9.3779e-01],
            [7.2284e-01, 1.6084e-01]],

           [[4.2572e-01, 8.5360e-01],
            [8.7721e-01, 5.9553e-01]],

           ...,

           [[3.5110e-01, 7.2284e-01],
            [4.9657e-01, 5.1490e-01]],

           [[2.0128e-01, 4.5136e-01],
            [2.9285e-01, 9.6757e-01]],

           [[5.9551e-01, 9.2512e-02],
            [4.0741e-01, 1.8653e-01]]]],



         [[[[1.9048e-01, 6.4610e-01],
            [2.5880e-01, 6.1169e-01]],

           [[6.3742e-01, 5.8168e-01],
            [6.7938e-01, 6.2556e-02]],

           [[7.7426e-01, 1.0594e-01],
            [2.0596e-01, 1.7737e-01]],

           ...,

           [[8.6355e-01, 7.6878e-02],
            [8.9825e-01, 1.8673e-01]],

           [[7.9633e-03, 1.4182e-01],
            [6.0382e-01, 8.0021e-01]],

           [[2.3639e-01, 1.5543e-01],
            [4.9851e-01, 9.8532e-01]]],


          [[[8.5109e-01, 2.1413e-01],
            [7.6785e-01, 1.8014e-01]],

           [[1.9270e-01, 2.3191e-01],
            [3.4580e-01, 1.4396e-01]],

           [[8.2890e-01, 3.9271e-01],
            [8.7456e-01, 8.5809e-01]],

           ...,

           [[7.1271e-01, 9.7492e-01],
            [9.3852e-01, 7.6976e-02]],

           [[7.4210e-01, 8.9708e-01],
            [4.0844e-01, 3.4986e-01]],

           [[4.3056e-01, 5.2992e-01],
            [4.5938e-03, 2.9827e-01]]],


          [[[7.8455e-01, 8.5786e-01],
            [7.7903e-01, 7.7002e-01]],

           [[9.7014e-02, 1.2517e-01],
            [9.3431e-01, 6.4443e-01]],

           [[7.9907e-01, 6.9902e-01],
            [7.0259e-01, 8.6264e-01]],

           ...,

           [[8.0518e-01, 7.0575e-01],
            [3.2302e-01, 2.7164e-01]],

           [[4.0972e-01, 5.7240e-02],
            [5.4973e-03, 1.2568e-01]],

           [[3.9164e-01, 6.1977e-01],
            [2.7553e-01, 5.5199e-01]]],


          ...,


          [[[9.3759e-01, 4.7498e-01],
            [3.0698e-01, 5.3146e-01]],

           [[2.4954e-02, 3.9871e-01],
            [5.8681e-01, 9.2517e-01]],

           [[4.6051e-02, 3.6139e-01],
            [8.4719e-01, 6.4435e-01]],

           ...,

           [[2.2310e-01, 3.8116e-01],
            [8.8260e-01, 8.7626e-01]],

           [[6.9827e-01, 8.0482e-01],
            [5.0250e-02, 6.6158e-01]],

           [[1.2554e-01, 6.2537e-01],
            [8.0184e-01, 7.5364e-01]]],


          [[[4.1656e-01, 3.7168e-01],
            [3.2831e-01, 1.2054e-01]],

           [[3.6912e-01, 6.9436e-01],
            [2.2775e-01, 6.9863e-01]],

           [[6.9655e-01, 5.4864e-01],
            [2.2314e-01, 2.1084e-02]],

           ...,

           [[3.6070e-01, 5.2729e-01],
            [7.6763e-01, 6.1021e-01]],

           [[7.7681e-01, 1.3936e-01],
            [4.7536e-01, 4.9526e-01]],

           [[9.5539e-01, 9.9486e-01],
            [8.7531e-01, 2.5524e-01]]],


          [[[2.3174e-01, 7.1158e-01],
            [5.0009e-01, 7.8308e-01]],

           [[3.1322e-01, 8.2774e-01],
            [1.7041e-01, 4.6826e-01]],

           [[3.0372e-01, 9.1711e-01],
            [7.7563e-01, 8.2155e-02]],

           ...,

           [[3.0050e-01, 4.6611e-01],
            [4.9249e-01, 5.2366e-01]],

           [[3.6891e-01, 1.6189e-01],
            [3.0127e-01, 1.3881e-01]],

           [[2.3473e-01, 1.8499e-01],
            [7.1652e-01, 4.7995e-02]]]],



         [[[[6.6219e-03, 4.4194e-01],
            [5.8161e-01, 6.7108e-01]],

           [[7.0654e-01, 2.4663e-01],
            [8.4224e-01, 6.6251e-01]],

           [[6.2416e-01, 3.7315e-01],
            [1.7964e-01, 7.8821e-01]],

           ...,

           [[2.9837e-01, 3.3272e-01],
            [6.7221e-01, 4.7619e-01]],

           [[1.5173e-01, 5.6939e-01],
            [1.7138e-01, 8.3726e-01]],

           [[1.4010e-01, 4.5220e-01],
            [3.1771e-02, 3.1362e-01]]],


          [[[2.0708e-01, 9.7708e-01],
            [5.7360e-01, 9.9035e-01]],

           [[9.9579e-01, 6.9153e-02],
            [9.6287e-01, 4.8424e-01]],

           [[6.7127e-01, 6.6959e-01],
            [4.5278e-01, 7.1722e-01]],

           ...,

           [[9.2985e-01, 3.6032e-01],
            [9.8063e-02, 2.3921e-01]],

           [[4.5315e-01, 4.4923e-01],
            [7.4797e-01, 3.8955e-01]],

           [[7.9406e-01, 5.8771e-01],
            [9.0115e-01, 6.5928e-01]]],


          [[[4.3174e-01, 9.7208e-01],
            [1.7566e-01, 5.3139e-01]],

           [[8.1754e-01, 8.1492e-01],
            [5.9245e-01, 5.8678e-01]],

           [[7.3223e-01, 7.0088e-01],
            [1.1219e-02, 7.8108e-01]],

           ...,

           [[8.3130e-01, 1.5765e-01],
            [6.5670e-01, 8.5008e-01]],

           [[7.8506e-01, 9.8584e-01],
            [6.2190e-01, 5.4408e-01]],

           [[6.4950e-01, 9.8788e-01],
            [7.0333e-02, 6.5091e-02]]],


          ...,


          [[[5.0653e-01, 3.3200e-01],
            [1.2654e-01, 3.2977e-01]],

           [[4.4405e-01, 5.5721e-01],
            [5.9913e-01, 2.0865e-01]],

           [[1.7289e-01, 2.2657e-01],
            [9.7522e-01, 2.6387e-01]],

           ...,

           [[4.8576e-02, 3.9424e-01],
            [4.9634e-01, 2.5609e-01]],

           [[2.6962e-01, 2.6885e-01],
            [5.2093e-01, 1.7730e-01]],

           [[7.5023e-01, 5.1657e-01],
            [3.1511e-01, 2.0485e-01]]],


          [[[8.9343e-01, 2.6630e-01],
            [2.5205e-01, 3.6223e-01]],

           [[6.9642e-02, 3.2751e-01],
            [1.2920e-01, 5.3946e-02]],

           [[6.9687e-01, 6.8959e-01],
            [1.7671e-01, 1.9047e-01]],

           ...,

           [[5.5115e-01, 5.7466e-01],
            [9.1603e-01, 6.3089e-01]],

           [[2.7518e-01, 2.7804e-01],
            [6.7689e-01, 5.3538e-01]],

           [[2.6542e-01, 2.3358e-01],
            [3.0540e-01, 2.3583e-01]]],


          [[[1.1425e-01, 8.3255e-01],
            [5.9508e-02, 1.9402e-01]],

           [[4.2646e-01, 9.9307e-01],
            [1.8571e-02, 5.5148e-02]],

           [[5.5692e-02, 6.4839e-01],
            [4.7502e-01, 8.5250e-01]],

           ...,

           [[9.6510e-02, 8.5110e-01],
            [5.7600e-01, 8.6843e-01]],

           [[7.1056e-01, 4.3251e-01],
            [9.0777e-01, 9.7377e-01]],

           [[1.4079e-01, 3.3258e-02],
            [7.3627e-01, 6.0381e-01]]]]],




        [[[[[4.0495e-02, 3.7914e-02],
            [7.3327e-01, 7.9660e-01]],

           [[4.9064e-01, 7.9682e-01],
            [8.3674e-01, 8.7766e-01]],

           [[7.0400e-01, 5.2204e-01],
            [3.6577e-01, 6.6859e-01]],

           ...,

           [[7.8771e-02, 3.1737e-01],
            [1.6365e-01, 8.1033e-01]],

           [[2.8166e-01, 7.8338e-01],
            [1.9035e-01, 1.0701e-01]],

           [[5.3648e-01, 2.4193e-01],
            [9.3298e-01, 3.8246e-01]]],


          [[[8.7590e-01, 4.1368e-01],
            [7.9360e-01, 4.3727e-01]],

           [[8.6349e-01, 5.3770e-01],
            [1.9076e-01, 9.9462e-02]],

           [[4.9807e-01, 6.8003e-01],
            [2.6150e-01, 9.4792e-01]],

           ...,

           [[5.1646e-02, 7.0156e-01],
            [5.1305e-02, 1.9062e-01]],

           [[5.4969e-01, 9.5477e-02],
            [1.0806e-01, 2.2915e-01]],

           [[6.4221e-01, 8.8287e-01],
            [9.2497e-01, 1.2883e-01]]],


          [[[3.4488e-01, 8.0624e-01],
            [5.6338e-01, 7.5502e-01]],

           [[5.0845e-01, 1.0072e-01],
            [9.4504e-01, 9.2055e-01]],

           [[1.3341e-01, 6.1979e-02],
            [4.1160e-01, 9.8890e-02]],

           ...,

           [[8.8616e-02, 2.8695e-01],
            [9.8073e-01, 4.0319e-01]],

           [[2.1196e-01, 2.3669e-01],
            [8.2601e-01, 6.8334e-01]],

           [[2.1853e-01, 9.5432e-01],
            [4.4220e-01, 6.9294e-02]]],


          ...,


          [[[3.2976e-01, 3.4187e-01],
            [4.9369e-01, 5.0682e-01]],

           [[8.7572e-01, 6.2902e-01],
            [8.5027e-01, 2.8925e-01]],

           [[5.5431e-01, 8.5554e-01],
            [1.2034e-01, 4.9040e-01]],

           ...,

           [[1.6945e-02, 6.3622e-01],
            [9.8075e-01, 9.4587e-01]],

           [[5.3364e-01, 4.0232e-01],
            [7.3268e-01, 1.6725e-02]],

           [[9.3143e-01, 4.6958e-01],
            [4.7730e-01, 6.1934e-01]]],


          [[[7.2797e-01, 1.3638e-01],
            [4.1086e-01, 6.0672e-01]],

           [[6.3345e-01, 5.4394e-01],
            [1.3197e-01, 9.0984e-01]],

           [[5.3598e-01, 2.5526e-01],
            [2.2273e-01, 4.7906e-01]],

           ...,

           [[9.6622e-01, 5.6751e-01],
            [7.7538e-01, 5.3914e-01]],

           [[3.2662e-01, 2.2949e-01],
            [8.9319e-01, 3.4151e-01]],

           [[5.5757e-01, 3.7286e-01],
            [7.1611e-01, 5.8370e-01]]],


          [[[9.9259e-01, 8.4483e-01],
            [8.6051e-01, 1.3630e-01]],

           [[7.1281e-01, 2.5934e-01],
            [5.8078e-01, 9.4751e-01]],

           [[4.4106e-01, 8.9477e-01],
            [9.3229e-01, 6.3462e-01]],

           ...,

           [[6.5640e-01, 6.0158e-01],
            [2.8178e-02, 1.0787e-02]],

           [[2.3209e-01, 5.8364e-01],
            [7.2562e-01, 9.9581e-02]],

           [[3.0687e-01, 6.8165e-01],
            [7.0405e-01, 1.6261e-01]]]],



         [[[[7.3359e-01, 1.4390e-02],
            [6.9999e-02, 2.4840e-01]],

           [[9.2083e-01, 9.5719e-01],
            [9.5102e-01, 2.7233e-01]],

           [[5.2542e-01, 1.4694e-01],
            [4.9322e-01, 6.8297e-01]],

           ...,

           [[5.6135e-01, 3.1362e-01],
            [6.5650e-01, 5.7759e-02]],

           [[8.4638e-01, 5.5737e-01],
            [7.7719e-01, 1.7342e-01]],

           [[8.1550e-01, 4.2127e-01],
            [8.6274e-01, 2.0732e-01]]],


          [[[1.0055e-02, 1.8040e-01],
            [9.7852e-01, 6.3221e-01]],

           [[8.9808e-01, 9.7814e-01],
            [6.4299e-01, 9.3981e-01]],

           [[2.3968e-01, 4.9914e-01],
            [8.5869e-01, 3.6844e-01]],

           ...,

           [[7.3448e-01, 2.9149e-01],
            [6.4679e-01, 2.0329e-01]],

           [[7.1645e-01, 9.1091e-01],
            [3.4729e-01, 1.3251e-01]],

           [[3.5532e-02, 6.8697e-01],
            [9.5648e-01, 8.6343e-01]]],


          [[[7.5465e-01, 5.3649e-01],
            [3.5943e-01, 4.7869e-01]],

           [[2.3719e-01, 2.1569e-01],
            [9.0154e-01, 5.5847e-01]],

           [[2.2612e-01, 2.3946e-01],
            [5.1075e-01, 1.7278e-01]],

           ...,

           [[1.9063e-01, 9.5739e-01],
            [4.0161e-01, 2.2544e-01]],

           [[1.5761e-02, 8.5316e-01],
            [7.8646e-01, 9.4659e-01]],

           [[3.7620e-01, 6.5018e-01],
            [8.8583e-01, 5.0821e-01]]],


          ...,


          [[[6.9456e-01, 1.0199e-01],
            [4.6945e-01, 1.2190e-02]],

           [[4.4776e-01, 8.8033e-01],
            [2.3294e-01, 6.4658e-01]],

           [[7.8634e-01, 8.2257e-01],
            [3.6792e-01, 6.9441e-01]],

           ...,

           [[8.0884e-01, 1.7435e-01],
            [4.4856e-01, 6.4632e-01]],

           [[5.7170e-01, 7.2593e-01],
            [5.1386e-01, 1.0846e-01]],

           [[9.3576e-01, 7.1642e-02],
            [3.8287e-01, 2.8679e-01]]],


          [[[5.9150e-01, 7.6577e-02],
            [5.7107e-02, 9.6563e-01]],

           [[7.2503e-01, 4.4323e-02],
            [4.1985e-01, 2.0196e-01]],

           [[5.7456e-01, 4.2709e-01],
            [4.7861e-01, 7.7269e-01]],

           ...,

           [[5.7448e-01, 6.8390e-01],
            [6.6759e-01, 8.1720e-01]],

           [[5.8043e-01, 9.9404e-01],
            [9.5169e-01, 7.0812e-01]],

           [[1.4725e-01, 7.8081e-01],
            [5.1332e-02, 4.2589e-01]]],


          [[[8.2140e-01, 4.7344e-01],
            [1.7839e-01, 9.6550e-02]],

           [[1.9238e-01, 2.2716e-01],
            [8.5959e-02, 5.4624e-01]],

           [[9.6046e-01, 1.5160e-01],
            [6.7608e-01, 3.0089e-01]],

           ...,

           [[9.8614e-01, 1.1118e-01],
            [8.4303e-01, 6.2467e-02]],

           [[1.1479e-01, 6.0196e-01],
            [5.6398e-01, 2.1873e-01]],

           [[9.8159e-01, 9.3864e-01],
            [8.4018e-01, 3.3880e-01]]]],



         [[[[2.7066e-01, 4.9521e-01],
            [9.5455e-01, 4.6054e-01]],

           [[5.7583e-01, 1.7070e-01],
            [6.5770e-01, 7.0270e-02]],

           [[8.4807e-01, 7.9193e-01],
            [1.8817e-01, 6.4101e-01]],

           ...,

           [[5.4914e-01, 7.2590e-01],
            [6.7044e-01, 9.8997e-02]],

           [[9.2927e-01, 4.0209e-01],
            [1.2644e-01, 1.4397e-01]],

           [[1.4054e-01, 8.2055e-02],
            [8.0725e-01, 5.8540e-01]]],


          [[[5.5760e-01, 2.7138e-01],
            [9.9149e-01, 6.4517e-01]],

           [[5.7599e-01, 1.7827e-01],
            [8.1202e-01, 9.1410e-01]],

           [[7.2650e-01, 6.1935e-01],
            [8.2936e-01, 7.9267e-01]],

           ...,

           [[4.3071e-01, 2.7792e-01],
            [3.9840e-01, 1.3101e-01]],

           [[1.6309e-01, 7.2619e-01],
            [6.3857e-01, 1.1181e-01]],

           [[1.9903e-01, 1.9611e-01],
            [5.3756e-01, 2.8772e-01]]],


          [[[7.6143e-01, 1.1658e-01],
            [2.3136e-01, 9.7968e-01]],

           [[4.4863e-01, 4.9392e-01],
            [8.4085e-01, 9.3771e-01]],

           [[1.3699e-01, 2.8927e-01],
            [2.0960e-01, 1.6884e-01]],

           ...,

           [[3.2930e-01, 1.0769e-01],
            [7.2761e-01, 4.9447e-02]],

           [[9.9624e-01, 2.7130e-01],
            [8.3337e-01, 6.6742e-01]],

           [[5.1029e-01, 6.4071e-02],
            [3.4900e-01, 3.9031e-01]]],


          ...,


          [[[7.2124e-01, 7.7551e-01],
            [6.4910e-01, 7.8355e-01]],

           [[2.8888e-01, 5.9020e-01],
            [3.0504e-01, 2.6783e-01]],

           [[4.3412e-01, 7.1605e-01],
            [1.0582e-01, 3.3320e-01]],

           ...,

           [[2.2176e-01, 9.9739e-01],
            [5.9963e-01, 8.1644e-01]],

           [[6.8193e-01, 7.2216e-01],
            [8.3602e-01, 8.4096e-01]],

           [[5.3584e-01, 5.7950e-01],
            [3.9588e-01, 9.1354e-01]]],


          [[[6.8223e-01, 3.7702e-01],
            [7.9361e-01, 2.2205e-01]],

           [[2.4309e-01, 2.0817e-01],
            [4.7299e-01, 9.6401e-01]],

           [[7.2878e-01, 6.1586e-02],
            [8.8244e-01, 9.9029e-03]],

           ...,

           [[6.1632e-01, 6.5131e-01],
            [6.6660e-01, 7.4307e-01]],

           [[2.5117e-01, 3.4956e-01],
            [7.4489e-01, 5.3660e-01]],

           [[8.4406e-01, 3.2991e-01],
            [4.4062e-01, 8.5589e-01]]],


          [[[6.0557e-01, 4.3919e-01],
            [7.6573e-01, 9.2851e-01]],

           [[6.9432e-01, 3.2726e-01],
            [2.8497e-01, 6.8842e-01]],

           [[1.6832e-01, 1.5059e-01],
            [5.1505e-01, 6.6823e-01]],

           ...,

           [[1.9665e-01, 5.2455e-01],
            [3.7292e-01, 9.4527e-01]],

           [[5.4124e-01, 8.7794e-01],
            [7.9715e-01, 4.1018e-01]],

           [[8.2481e-01, 2.6536e-02],
            [8.1517e-01, 7.5768e-01]]]],



         ...,



         [[[[9.2723e-01, 4.0115e-01],
            [8.5401e-01, 5.7103e-01]],

           [[7.9740e-01, 8.8968e-02],
            [4.4889e-01, 9.9530e-01]],

           [[6.7317e-01, 8.6426e-01],
            [7.7734e-01, 6.0248e-01]],

           ...,

           [[2.2396e-01, 7.2176e-01],
            [2.6880e-01, 8.2854e-01]],

           [[1.2388e-01, 9.1871e-01],
            [5.9967e-01, 8.0499e-01]],

           [[6.2563e-01, 1.7648e-02],
            [3.3498e-01, 2.5529e-01]]],


          [[[6.2316e-01, 8.3586e-03],
            [4.8158e-01, 4.6366e-01]],

           [[1.4819e-01, 1.2785e-01],
            [3.5410e-01, 1.9718e-01]],

           [[3.5998e-01, 9.4725e-01],
            [3.0440e-01, 8.2685e-01]],

           ...,

           [[3.0163e-01, 1.5883e-01],
            [7.4234e-01, 9.6750e-01]],

           [[3.4203e-01, 2.2430e-01],
            [4.1801e-01, 6.4549e-01]],

           [[4.1794e-01, 9.7814e-01],
            [2.8509e-01, 2.8965e-01]]],


          [[[2.3520e-02, 6.0185e-01],
            [2.6872e-01, 7.6079e-01]],

           [[5.2057e-01, 8.7273e-01],
            [8.2028e-01, 7.1535e-01]],

           [[5.9861e-01, 6.1691e-01],
            [2.1277e-01, 3.5182e-01]],

           ...,

           [[1.9724e-01, 3.6353e-01],
            [1.6422e-01, 7.9947e-02]],

           [[9.4419e-01, 3.9644e-01],
            [1.5181e-01, 3.1453e-01]],

           [[6.8471e-01, 1.9658e-01],
            [5.0172e-02, 1.7511e-01]]],


          ...,


          [[[2.6690e-01, 5.6763e-01],
            [7.3538e-02, 5.3519e-01]],

           [[5.3901e-01, 8.9959e-01],
            [9.1464e-01, 9.5303e-02]],

           [[1.4945e-01, 6.0384e-01],
            [3.4792e-01, 4.9609e-01]],

           ...,

           [[7.9251e-01, 7.5742e-01],
            [8.7396e-01, 5.4187e-03]],

           [[6.3422e-01, 1.9624e-03],
            [5.2203e-01, 2.1039e-01]],

           [[5.0906e-01, 5.2736e-01],
            [6.6425e-01, 3.7442e-01]]],


          [[[4.2129e-01, 7.9715e-01],
            [6.1564e-01, 1.7422e-02]],

           [[3.3991e-01, 4.7913e-01],
            [4.9251e-01, 6.2478e-01]],

           [[6.7973e-01, 7.4034e-02],
            [7.6921e-01, 5.1560e-01]],

           ...,

           [[5.5761e-01, 9.2308e-01],
            [7.8089e-02, 3.0661e-01]],

           [[9.1984e-01, 4.4359e-01],
            [9.4123e-01, 6.3812e-01]],

           [[6.9250e-01, 9.4379e-02],
            [4.1650e-01, 3.0333e-01]]],


          [[[8.9485e-01, 6.3551e-01],
            [6.0479e-01, 1.6455e-01]],

           [[4.4128e-01, 6.6252e-01],
            [7.2064e-01, 4.8188e-01]],

           [[4.5918e-01, 9.9011e-01],
            [6.7876e-01, 9.2989e-01]],

           ...,

           [[3.0717e-01, 8.4999e-01],
            [8.1851e-01, 3.6893e-01]],

           [[6.9080e-01, 4.0573e-01],
            [2.4765e-01, 4.5773e-02]],

           [[6.4686e-01, 8.5454e-01],
            [2.5450e-01, 6.9940e-01]]]],



         [[[[1.5802e-01, 5.6810e-01],
            [4.6443e-01, 9.2240e-01]],

           [[4.9588e-01, 3.8665e-01],
            [9.4046e-01, 5.3820e-01]],

           [[3.0753e-01, 1.2657e-01],
            [3.0089e-01, 1.7839e-01]],

           ...,

           [[7.3240e-01, 9.5532e-01],
            [1.7835e-01, 8.7285e-01]],

           [[1.3076e-01, 1.3202e-01],
            [7.0282e-01, 6.1016e-01]],

           [[4.2690e-01, 5.6206e-01],
            [6.7931e-01, 8.4635e-01]]],


          [[[6.2516e-01, 2.7653e-01],
            [5.3612e-01, 6.7993e-01]],

           [[3.2621e-01, 5.0750e-01],
            [5.2240e-01, 1.5996e-01]],

           [[4.2556e-01, 5.8997e-01],
            [8.2416e-01, 7.4488e-01]],

           ...,

           [[2.3683e-01, 5.4709e-01],
            [7.1790e-01, 5.9550e-01]],

           [[3.1121e-01, 7.0539e-01],
            [7.2756e-01, 7.7510e-01]],

           [[8.8752e-02, 5.8111e-01],
            [8.4354e-01, 8.4475e-01]]],


          [[[5.6811e-01, 6.6171e-01],
            [8.2756e-01, 3.0122e-01]],

           [[4.4586e-01, 1.0027e-01],
            [2.7889e-01, 6.4690e-01]],

           [[9.7098e-01, 7.5779e-01],
            [1.7085e-01, 7.7306e-01]],

           ...,

           [[2.7535e-01, 8.6742e-01],
            [4.0355e-01, 5.8308e-01]],

           [[6.9443e-01, 9.5356e-01],
            [5.9876e-01, 7.6581e-01]],

           [[9.1542e-01, 3.1905e-01],
            [1.5122e-01, 4.7890e-01]]],


          ...,


          [[[4.5930e-01, 9.2901e-01],
            [3.8708e-01, 3.8127e-02]],

           [[4.0279e-01, 9.1823e-01],
            [8.1953e-01, 1.1750e-01]],

           [[1.7817e-01, 7.9548e-01],
            [1.6962e-01, 6.4471e-01]],

           ...,

           [[2.4796e-01, 2.2056e-01],
            [1.3553e-01, 8.2515e-01]],

           [[3.5534e-01, 6.8346e-01],
            [4.5326e-01, 2.3966e-01]],

           [[9.4663e-01, 7.8454e-01],
            [3.5575e-01, 1.5056e-01]]],


          [[[3.3989e-01, 6.8888e-01],
            [8.0775e-01, 5.0376e-01]],

           [[5.7224e-01, 2.5755e-01],
            [5.4376e-01, 5.1405e-01]],

           [[6.0881e-02, 2.7103e-02],
            [2.8970e-01, 1.2576e-01]],

           ...,

           [[2.0024e-01, 3.4950e-01],
            [1.8610e-01, 6.2945e-01]],

           [[7.7520e-01, 4.4758e-01],
            [4.5822e-01, 3.9705e-01]],

           [[3.1903e-01, 5.6938e-01],
            [2.3457e-01, 9.9963e-01]]],


          [[[8.4963e-01, 3.3050e-01],
            [3.7743e-01, 4.2918e-01]],

           [[6.7487e-01, 6.2680e-01],
            [5.1061e-01, 9.0898e-01]],

           [[2.3283e-01, 6.3510e-01],
            [2.3118e-01, 1.7525e-01]],

           ...,

           [[8.0287e-01, 4.6794e-01],
            [9.6511e-01, 7.5195e-02]],

           [[9.7175e-02, 4.7199e-01],
            [4.0748e-01, 4.6920e-01]],

           [[3.0855e-01, 9.7954e-01],
            [1.5929e-01, 1.5842e-01]]]],



         [[[[5.5332e-01, 6.0169e-01],
            [6.7667e-01, 4.3620e-01]],

           [[2.1907e-01, 8.3278e-01],
            [8.8689e-01, 2.0488e-01]],

           [[5.0949e-01, 8.6742e-01],
            [8.2801e-01, 4.3103e-01]],

           ...,

           [[6.5995e-02, 9.4600e-01],
            [7.5028e-01, 4.8675e-01]],

           [[4.5491e-01, 4.2241e-01],
            [9.0813e-01, 8.4846e-01]],

           [[3.1064e-01, 9.5424e-01],
            [7.3016e-01, 8.9510e-01]]],


          [[[9.4394e-01, 1.7931e-01],
            [1.4914e-01, 8.2551e-01]],

           [[1.5195e-01, 9.0604e-01],
            [8.1462e-01, 2.4631e-01]],

           [[3.9015e-01, 8.0436e-01],
            [7.5029e-01, 5.1948e-01]],

           ...,

           [[7.8764e-01, 4.1762e-01],
            [9.4944e-01, 9.7369e-01]],

           [[5.3099e-01, 4.1931e-02],
            [2.0756e-03, 3.6165e-01]],

           [[5.7136e-01, 9.6045e-01],
            [2.9522e-01, 3.8935e-02]]],


          [[[1.9337e-01, 4.7983e-01],
            [2.4721e-01, 9.6475e-01]],

           [[4.4400e-01, 4.3473e-01],
            [1.8876e-01, 6.4003e-01]],

           [[1.7560e-01, 4.4515e-01],
            [5.8023e-01, 4.6746e-01]],

           ...,

           [[9.9264e-01, 8.8883e-01],
            [5.3099e-01, 2.7611e-01]],

           [[3.9419e-01, 5.6553e-01],
            [4.6238e-01, 4.3951e-01]],

           [[6.4811e-01, 6.3029e-01],
            [7.3094e-01, 1.0648e-01]]],


          ...,


          [[[2.2965e-01, 7.4201e-02],
            [1.6352e-01, 4.5714e-01]],

           [[8.3513e-01, 5.1378e-01],
            [8.5593e-01, 1.3491e-01]],

           [[3.8316e-01, 5.3715e-01],
            [9.3790e-01, 8.8642e-01]],

           ...,

           [[2.8125e-01, 7.1406e-01],
            [7.5782e-01, 5.8453e-01]],

           [[2.9200e-01, 2.9391e-01],
            [6.0342e-01, 4.8905e-01]],

           [[4.6724e-01, 7.5790e-01],
            [6.2475e-01, 7.8413e-01]]],


          [[[3.0725e-01, 3.3255e-01],
            [6.9163e-01, 8.1398e-01]],

           [[2.1362e-01, 5.9336e-01],
            [1.7587e-01, 6.0490e-01]],

           [[2.0283e-01, 9.5169e-01],
            [5.6765e-01, 6.7876e-01]],

           ...,

           [[8.1380e-02, 9.4404e-01],
            [5.7102e-01, 7.2239e-01]],

           [[5.6778e-01, 3.6299e-01],
            [7.4196e-01, 4.7904e-01]],

           [[2.4015e-02, 7.5626e-01],
            [4.7326e-01, 4.7791e-01]]],


          [[[4.7584e-01, 2.2205e-01],
            [5.5895e-01, 8.0600e-02]],

           [[5.7621e-01, 5.3808e-01],
            [1.4654e-01, 4.7609e-02]],

           [[1.1067e-01, 3.0726e-01],
            [5.6951e-01, 4.9398e-01]],

           ...,

           [[4.1426e-01, 7.5601e-02],
            [2.0779e-01, 3.8784e-01]],

           [[1.0747e-01, 8.3298e-01],
            [2.5687e-01, 6.6033e-01]],

           [[6.5938e-01, 4.8167e-01],
            [3.1956e-01, 8.2572e-01]]]]]], device='cuda:0')
